world: d85f0e71-972d-4837-847a-f132258fbc06
world-name: world
x: 4.64393803010883
y: 64.0
z: -3.4271884596352504
yaw: -120.79995727539062
pitch: 38.29997634887695
name: comandos
lastowner: 0d982a7c-c63d-4d65-a0ac-8651b3ad11e6
